[gd_scene load_steps=18 format=3 uid="uid://c77mf2kr4q4gj"]

[ext_resource type="Script" path="res://Camera3D.gd" id="1_01vm5"]
[ext_resource type="Script" path="res://show_spectrum.gd" id="1_7jtwd"]
[ext_resource type="AudioStream" uid="uid://24v0n2rixwt3" path="res://test.mp3" id="2_45yid"]
[ext_resource type="PackedScene" uid="uid://cvceixc4adbo0" path="res://rig.tscn" id="3_fxffi"]
[ext_resource type="Script" path="res://Top.gd" id="3_mf3h3"]
[ext_resource type="Script" path="res://pattern_controll.gd" id="3_sy65t"]
[ext_resource type="PackedScene" uid="uid://csex1cusgig" path="res://Light.tscn" id="4_4g2uy"]

[sub_resource type="StandardMaterial3D" id="StandardMaterial3D_jv164"]
emission_enabled = true
emission = Color(1, 1, 1, 1)
emission_energy_multiplier = 3.52

[sub_resource type="BoxMesh" id="BoxMesh_d44pg"]
material = SubResource("StandardMaterial3D_jv164")

[sub_resource type="BoxMesh" id="BoxMesh_2tat3"]

[sub_resource type="StandardMaterial3D" id="StandardMaterial3D_6ba3i"]

[sub_resource type="StandardMaterial3D" id="StandardMaterial3D_ybjq1"]
albedo_color = Color(0, 0, 0, 1)

[sub_resource type="StandardMaterial3D" id="StandardMaterial3D_ve41j"]
albedo_color = Color(0, 0, 0, 1)

[sub_resource type="BoxMesh" id="BoxMesh_jiayo"]

[sub_resource type="StandardMaterial3D" id="StandardMaterial3D_75m64"]
albedo_color = Color(0.0313726, 0.0313726, 0.0313726, 1)
emission = Color(1, 1, 1, 1)
emission_energy_multiplier = 4.93

[sub_resource type="StandardMaterial3D" id="StandardMaterial3D_cujjj"]
emission_enabled = true
emission = Color(1, 1, 1, 1)

[sub_resource type="Environment" id="Environment_pfmir"]
background_mode = 1
volumetric_fog_density = 0.1829
adjustment_enabled = true

[node name="Node3D" type="Node3D"]

[node name="Cube" type="MeshInstance3D" parent="."]
transform = Transform3D(0.707107, -0.707107, 0, 0.5, 0.5, -0.707107, 0.5, 0.5, 0.707107, 0, 1.90722, -2.70495)
visible = false
mesh = SubResource("BoxMesh_d44pg")
skeleton = NodePath("../Camera3D")

[node name="Camera3D" type="Camera3D" parent="."]
transform = Transform3D(1, 0, 0, 0, 0.989313, 0.145807, 0, -0.145807, 0.989313, 0, 2.13885, 11.761)
fov = 95.8
script = ExtResource("1_01vm5")

[node name="CanvasLayer" type="CanvasLayer" parent="."]

[node name="Node2D" type="Node2D" parent="CanvasLayer"]
script = ExtResource("1_7jtwd")

[node name="AudioStreamPlayer" type="AudioStreamPlayer" parent="CanvasLayer/Node2D"]
stream = ExtResource("2_45yid")
autoplay = true

[node name="MeshInstance3D" type="MeshInstance3D" parent="."]
transform = Transform3D(48.1425, 0, 0, 0, 0.193515, 0, 0, 0, 52.0852, 0, -0.432633, 0)
mesh = SubResource("BoxMesh_2tat3")
surface_material_override/0 = SubResource("StandardMaterial3D_6ba3i")

[node name="MeshInstance3D4" type="MeshInstance3D" parent="."]
transform = Transform3D(9.45716, 0, 0, 0, 0.336858, 0, 0, 0, 7.3575, 0, -0.191365, -2.30141)
mesh = SubResource("BoxMesh_2tat3")
surface_material_override/0 = SubResource("StandardMaterial3D_6ba3i")

[node name="MeshInstance3D3" type="MeshInstance3D" parent="."]
transform = Transform3D(105.646, 0, 0, 0, 0.192913, 0, 0, 0, 116.322, 0.25632, 6.77144, -33.9058)
visible = false
mesh = SubResource("BoxMesh_2tat3")
surface_material_override/0 = SubResource("StandardMaterial3D_ybjq1")

[node name="MeshInstance3D2" type="MeshInstance3D" parent="."]
transform = Transform3D(77.9578, 0, 0, 0, -8.45881e-09, -32.2001, 0, 0.193515, -1.40751e-06, 0, 7.81054, -6.29399)
visible = false
mesh = SubResource("BoxMesh_2tat3")
surface_material_override/0 = SubResource("StandardMaterial3D_ve41j")

[node name="Lights" type="Node3D" parent="."]
script = ExtResource("3_sy65t")

[node name="MeshInstance3D3" type="MeshInstance3D" parent="Lights"]
transform = Transform3D(0.410434, 0, 0, 0, 4.85972, 0, 0, 0, 0.0491551, -5.41978, 3.06117, 1.02374)
visible = false
mesh = SubResource("BoxMesh_jiayo")
skeleton = NodePath("../Side")
surface_material_override/0 = SubResource("StandardMaterial3D_75m64")

[node name="MeshInstance3D4" type="MeshInstance3D" parent="Lights"]
transform = Transform3D(0.410434, 0, 0, 0, 4.85972, 0, 0, 0, 0.0491551, 5.55578, 3.06117, 1.05731)
visible = false
mesh = SubResource("BoxMesh_jiayo")
skeleton = NodePath("../Side")
surface_material_override/0 = SubResource("StandardMaterial3D_75m64")

[node name="Side" type="Node3D" parent="Lights"]
visible = false

[node name="SpotLight3D8" type="SpotLight3D" parent="Lights/Side"]
transform = Transform3D(1, 0, 0, 0, -0.999996, 0.00265357, 0, -0.00265357, -0.999996, -5.46266, 1.74336, 1.17654)
light_energy = 13.274
spot_range = 3.13942
spot_attenuation = 1e-05
spot_angle = 71.0762
spot_angle_attenuation = 0.466518

[node name="SpotLight3D9" type="SpotLight3D" parent="Lights/Side"]
transform = Transform3D(1, 0, 0, 0, -0.999996, 0.00265357, 0, -0.00265357, -0.999996, -5.46266, 4.86632, 1.17654)
light_energy = 13.274
spot_range = 3.13942
spot_attenuation = 1e-05
spot_angle = 71.0762
spot_angle_attenuation = 0.466518

[node name="SpotLight3D10" type="SpotLight3D" parent="Lights/Side"]
transform = Transform3D(1, 0, 0, 0, -0.999996, 0.00265357, 0, -0.00265357, -0.999996, -5.46266, 3.32238, 1.17654)
light_energy = 13.274
spot_range = 3.13942
spot_attenuation = 1e-05
spot_angle = 71.0762
spot_angle_attenuation = 0.466518

[node name="SpotLight3D11" type="SpotLight3D" parent="Lights/Side"]
transform = Transform3D(1, 0, 0, 0, -0.999996, 0.00265357, 0, -0.00265357, -0.999996, 5.56237, 1.74336, 1.17654)
light_energy = 13.274
spot_range = 3.13942
spot_attenuation = 1e-05
spot_angle = 71.0762
spot_angle_attenuation = 0.466518

[node name="SpotLight3D12" type="SpotLight3D" parent="Lights/Side"]
transform = Transform3D(1, 0, 0, 0, -0.999996, 0.00265357, 0, -0.00265357, -0.999996, 5.56237, 4.86632, 1.17654)
light_energy = 13.274
spot_range = 3.13942
spot_attenuation = 1e-05
spot_angle = 71.0762
spot_angle_attenuation = 0.466518

[node name="SpotLight3D13" type="SpotLight3D" parent="Lights/Side"]
transform = Transform3D(1, 0, 0, 0, -0.999996, 0.00265357, 0, -0.00265357, -0.999996, 5.56237, 3.32238, 1.17654)
light_energy = 13.274
spot_range = 3.13942
spot_attenuation = 1e-05
spot_angle = 71.0762
spot_angle_attenuation = 0.466518

[node name="MeshInstance3D2" type="MeshInstance3D" parent="Lights/Side"]
transform = Transform3D(0.390056, 0, 0, 0, 4.70387, 0, 0, 0, 0.0491551, 5.55578, 3.06117, 1.0874)
mesh = SubResource("BoxMesh_jiayo")
surface_material_override/0 = SubResource("StandardMaterial3D_cujjj")

[node name="MeshInstance3D3" type="MeshInstance3D" parent="Lights/Side"]
transform = Transform3D(0.390056, 0, 0, 0, 4.70387, 0, 0, 0, 0.0491551, -5.41486, 3.06117, 1.0874)
mesh = SubResource("BoxMesh_jiayo")
surface_material_override/0 = SubResource("StandardMaterial3D_cujjj")

[node name="Colored" type="Node3D" parent="Lights"]

[node name="Top Down" type="Node3D" parent="Lights/Colored"]
script = ExtResource("3_mf3h3")

[node name="0" type="SpotLight3D" parent="Lights/Colored/Top Down"]
transform = Transform3D(-0.821602, -0.484065, -0.301084, -0.000637346, -0.52738, 0.849629, -0.570061, 0.698249, 0.432988, -4.08401, 5.4186, 0.231096)
light_energy = 2.0
light_volumetric_fog_energy = 4.0
spot_range = 10.0408
spot_attenuation = 1e-05
spot_angle = 8.94528
spot_angle_attenuation = 0.466518

[node name="OmniLight3D" type="OmniLight3D" parent="Lights/Colored/Top Down/0"]
transform = Transform3D(1, -2.98023e-08, 0, -2.98023e-08, -0.699376, -0.714754, 2.98023e-08, 0.714754, -0.699376, -3.3617e-05, -0.0184177, 0.0117464)
light_energy = 4.0
light_indirect_energy = 16.0
omni_range = 0.114678

[node name="HTTPRequest" type="HTTPRequest" parent="Lights"]

[node name="WorldEnvironment" type="WorldEnvironment" parent="."]
environment = SubResource("Environment_pfmir")

[node name="rig" parent="." instance=ExtResource("3_fxffi")]
transform = Transform3D(0.29, 0, 0, 0, 0.29, 0, 0, 0, 0.29, -5.45696, 0, -5.5271)

[node name="Light Mesh" type="Node3D" parent="."]
transform = Transform3D(3.9563e-09, 3.9563e-09, 0.128, 0.0905097, -0.0905097, 0, 0.0905097, 0.0905097, -5.59506e-09, 0.0990267, 5.48835, 1.1214)

[node name="light" parent="Light Mesh" instance=ExtResource("4_4g2uy")]
transform = Transform3D(0.173642, -0.924103, 0.340411, 0.950465, 0.247745, 0.187716, -0.257804, 0.290954, 0.921348, -4.39326, -4.68514, -32.8786)

[node name="light2" parent="Light Mesh" instance=ExtResource("4_4g2uy")]
transform = Transform3D(0.199092, -0.952826, 0.229093, 0.964499, 0.231906, 0.126331, -0.173499, 0.195809, 0.965172, -4.39325, -4.68513, -29.2402)

[node name="light3" parent="Light Mesh" instance=ExtResource("4_4g2uy")]
transform = Transform3D(0.212222, -0.967644, 0.136474, 0.97174, 0.223734, 0.0752568, -0.103356, 0.116646, 0.987781, -4.39322, -4.68513, -25.3016)

[node name="DirectionalLight3D" type="DirectionalLight3D" parent="."]
transform = Transform3D(-0.55227, -0.180406, 0.813912, -0.163464, 0.980787, 0.106478, -0.817483, -0.0742402, -0.571148, 0, 0.939589, 0)
shadow_enabled = true

[node name="DirectionalLight3D2" type="DirectionalLight3D" parent="."]
transform = Transform3D(0.773697, 0.194412, -0.602991, 0, 0.951755, 0.306858, 0.633556, -0.237415, 0.73637, 0, 0.939589, 0)
light_energy = 0.1
shadow_enabled = true
